{
    "train": {
        "file_path": [
            "images_train/000_d0.png",
            "images_train/000_d1.png",
            "images_train/000_d2.png",
            "images_train/000_d3.png",
            "images_train/001_d0.png",
            "images_train/001_d1.png",
            "images_train/001_d2.png",
            "images_train/001_d3.png",
            "images_train/002_d0.png",
            "images_train/002_d1.png",
            "images_train/002_d2.png",
            "images_train/002_d3.png",
            "images_train/003_d0.png",
            "images_train/003_d1.png",
            "images_train/003_d2.png",
            "images_train/003_d3.png",
            "images_train/004_d0.png",
            "images_train/004_d1.png",
            "images_train/004_d2.png",
            "images_train/004_d3.png",
            "images_train/005_d0.png",
            "images_train/005_d1.png",
            "images_train/005_d2.png",
            "images_train/005_d3.png",
            "images_train/006_d0.png",
            "images_train/006_d1.png",
            "images_train/006_d2.png",
            "images_train/006_d3.png",
            "images_train/007_d0.png",
            "images_train/007_d1.png",
            "images_train/007_d2.png",
            "images_train/007_d3.png",
            "images_train/008_d0.png",
            "images_train/008_d1.png",
            "images_train/008_d2.png",
            "images_train/008_d3.png",
            "images_train/009_d0.png",
            "images_train/009_d1.png",
            "images_train/009_d2.png",
            "images_train/009_d3.png",
            "images_train/010_d0.png",
            "images_train/010_d1.png",
            "images_train/010_d2.png",
            "images_train/010_d3.png",
            "images_train/011_d0.png",
            "images_train/011_d1.png",
            "images_train/011_d2.png",
            "images_train/011_d3.png",
            "images_train/012_d0.png",
            "images_train/012_d1.png",
            "images_train/012_d2.png",
            "images_train/012_d3.png",
            "images_train/013_d0.png",
            "images_train/013_d1.png",
            "images_train/013_d2.png",
            "images_train/013_d3.png",
            "images_train/014_d0.png",
            "images_train/014_d1.png",
            "images_train/014_d2.png",
            "images_train/014_d3.png",
            "images_train/015_d0.png",
            "images_train/015_d1.png",
            "images_train/015_d2.png",
            "images_train/015_d3.png",
            "images_train/016_d0.png",
            "images_train/016_d1.png",
            "images_train/016_d2.png",
            "images_train/016_d3.png",
            "images_train/017_d0.png",
            "images_train/017_d1.png",
            "images_train/017_d2.png",
            "images_train/017_d3.png",
            "images_train/018_d0.png",
            "images_train/018_d1.png",
            "images_train/018_d2.png",
            "images_train/018_d3.png",
            "images_train/019_d0.png",
            "images_train/019_d1.png",
            "images_train/019_d2.png",
            "images_train/019_d3.png",
            "images_train/020_d0.png",
            "images_train/020_d1.png",
            "images_train/020_d2.png",
            "images_train/020_d3.png",
            "images_train/021_d0.png",
            "images_train/021_d1.png",
            "images_train/021_d2.png",
            "images_train/021_d3.png",
            "images_train/022_d0.png",
            "images_train/022_d1.png",
            "images_train/022_d2.png",
            "images_train/022_d3.png",
            "images_train/023_d0.png",
            "images_train/023_d1.png",
            "images_train/023_d2.png",
            "images_train/023_d3.png",
            "images_train/024_d0.png",
            "images_train/024_d1.png",
            "images_train/024_d2.png",
            "images_train/024_d3.png",
            "images_train/025_d0.png",
            "images_train/025_d1.png",
            "images_train/025_d2.png",
            "images_train/025_d3.png",
            "images_train/026_d0.png",
            "images_train/026_d1.png",
            "images_train/026_d2.png",
            "images_train/026_d3.png",
            "images_train/027_d0.png",
            "images_train/027_d1.png",
            "images_train/027_d2.png",
            "images_train/027_d3.png",
            "images_train/028_d0.png",
            "images_train/028_d1.png",
            "images_train/028_d2.png",
            "images_train/028_d3.png",
            "images_train/029_d0.png",
            "images_train/029_d1.png",
            "images_train/029_d2.png",
            "images_train/029_d3.png",
            "images_train/030_d0.png",
            "images_train/030_d1.png",
            "images_train/030_d2.png",
            "images_train/030_d3.png",
            "images_train/031_d0.png",
            "images_train/031_d1.png",
            "images_train/031_d2.png",
            "images_train/031_d3.png",
            "images_train/032_d0.png",
            "images_train/032_d1.png",
            "images_train/032_d2.png",
            "images_train/032_d3.png",
            "images_train/033_d0.png",
            "images_train/033_d1.png",
            "images_train/033_d2.png",
            "images_train/033_d3.png",
            "images_train/034_d0.png",
            "images_train/034_d1.png",
            "images_train/034_d2.png",
            "images_train/034_d3.png",
            "images_train/035_d0.png",
            "images_train/035_d1.png",
            "images_train/035_d2.png",
            "images_train/035_d3.png",
            "images_train/036_d0.png",
            "images_train/036_d1.png",
            "images_train/036_d2.png",
            "images_train/036_d3.png",
            "images_train/037_d0.png",
            "images_train/037_d1.png",
            "images_train/037_d2.png",
            "images_train/037_d3.png",
            "images_train/038_d0.png",
            "images_train/038_d1.png",
            "images_train/038_d2.png",
            "images_train/038_d3.png",
            "images_train/039_d0.png",
            "images_train/039_d1.png",
            "images_train/039_d2.png",
            "images_train/039_d3.png",
            "images_train/040_d0.png",
            "images_train/040_d1.png",
            "images_train/040_d2.png",
            "images_train/040_d3.png",
            "images_train/041_d0.png",
            "images_train/041_d1.png",
            "images_train/041_d2.png",
            "images_train/041_d3.png",
            "images_train/042_d0.png",
            "images_train/042_d1.png",
            "images_train/042_d2.png",
            "images_train/042_d3.png",
            "images_train/043_d0.png",
            "images_train/043_d1.png",
            "images_train/043_d2.png",
            "images_train/043_d3.png",
            "images_train/044_d0.png",
            "images_train/044_d1.png",
            "images_train/044_d2.png",
            "images_train/044_d3.png",
            "images_train/045_d0.png",
            "images_train/045_d1.png",
            "images_train/045_d2.png",
            "images_train/045_d3.png",
            "images_train/046_d0.png",
            "images_train/046_d1.png",
            "images_train/046_d2.png",
            "images_train/046_d3.png",
            "images_train/047_d0.png",
            "images_train/047_d1.png",
            "images_train/047_d2.png",
            "images_train/047_d3.png",
            "images_train/048_d0.png",
            "images_train/048_d1.png",
            "images_train/048_d2.png",
            "images_train/048_d3.png",
            "images_train/049_d0.png",
            "images_train/049_d1.png",
            "images_train/049_d2.png",
            "images_train/049_d3.png",
            "images_train/050_d0.png",
            "images_train/050_d1.png",
            "images_train/050_d2.png",
            "images_train/050_d3.png",
            "images_train/051_d0.png",
            "images_train/051_d1.png",
            "images_train/051_d2.png",
            "images_train/051_d3.png",
            "images_train/052_d0.png",
            "images_train/052_d1.png",
            "images_train/052_d2.png",
            "images_train/052_d3.png",
            "images_train/053_d0.png",
            "images_train/053_d1.png",
            "images_train/053_d2.png",
            "images_train/053_d3.png",
            "images_train/054_d0.png",
            "images_train/054_d1.png",
            "images_train/054_d2.png",
            "images_train/054_d3.png",
            "images_train/055_d0.png",
            "images_train/055_d1.png",
            "images_train/055_d2.png",
            "images_train/055_d3.png",
            "images_train/056_d0.png",
            "images_train/056_d1.png",
            "images_train/056_d2.png",
            "images_train/056_d3.png",
            "images_train/057_d0.png",
            "images_train/057_d1.png",
            "images_train/057_d2.png",
            "images_train/057_d3.png",
            "images_train/058_d0.png",
            "images_train/058_d1.png",
            "images_train/058_d2.png",
            "images_train/058_d3.png",
            "images_train/059_d0.png",
            "images_train/059_d1.png",
            "images_train/059_d2.png",
            "images_train/059_d3.png",
            "images_train/060_d0.png",
            "images_train/060_d1.png",
            "images_train/060_d2.png",
            "images_train/060_d3.png",
            "images_train/061_d0.png",
            "images_train/061_d1.png",
            "images_train/061_d2.png",
            "images_train/061_d3.png",
            "images_train/062_d0.png",
            "images_train/062_d1.png",
            "images_train/062_d2.png",
            "images_train/062_d3.png",
            "images_train/063_d0.png",
            "images_train/063_d1.png",
            "images_train/063_d2.png",
            "images_train/063_d3.png",
            "images_train/064_d0.png",
            "images_train/064_d1.png",
            "images_train/064_d2.png",
            "images_train/064_d3.png",
            "images_train/065_d0.png",
            "images_train/065_d1.png",
            "images_train/065_d2.png",
            "images_train/065_d3.png",
            "images_train/066_d0.png",
            "images_train/066_d1.png",
            "images_train/066_d2.png",
            "images_train/066_d3.png",
            "images_train/067_d0.png",
            "images_train/067_d1.png",
            "images_train/067_d2.png",
            "images_train/067_d3.png",
            "images_train/068_d0.png",
            "images_train/068_d1.png",
            "images_train/068_d2.png",
            "images_train/068_d3.png",
            "images_train/069_d0.png",
            "images_train/069_d1.png",
            "images_train/069_d2.png",
            "images_train/069_d3.png",
            "images_train/070_d0.png",
            "images_train/070_d1.png",
            "images_train/070_d2.png",
            "images_train/070_d3.png",
            "images_train/071_d0.png",
            "images_train/071_d1.png",
            "images_train/071_d2.png",
            "images_train/071_d3.png",
            "images_train/072_d0.png",
            "images_train/072_d1.png",
            "images_train/072_d2.png",
            "images_train/072_d3.png",
            "images_train/073_d0.png",
            "images_train/073_d1.png",
            "images_train/073_d2.png",
            "images_train/073_d3.png",
            "images_train/074_d0.png",
            "images_train/074_d1.png",
            "images_train/074_d2.png",
            "images_train/074_d3.png",
            "images_train/075_d0.png",
            "images_train/075_d1.png",
            "images_train/075_d2.png",
            "images_train/075_d3.png",
            "images_train/076_d0.png",
            "images_train/076_d1.png",
            "images_train/076_d2.png",
            "images_train/076_d3.png",
            "images_train/077_d0.png",
            "images_train/077_d1.png",
            "images_train/077_d2.png",
            "images_train/077_d3.png",
            "images_train/078_d0.png",
            "images_train/078_d1.png",
            "images_train/078_d2.png",
            "images_train/078_d3.png",
            "images_train/079_d0.png",
            "images_train/079_d1.png",
            "images_train/079_d2.png",
            "images_train/079_d3.png",
            "images_train/080_d0.png",
            "images_train/080_d1.png",
            "images_train/080_d2.png",
            "images_train/080_d3.png",
            "images_train/081_d0.png",
            "images_train/081_d1.png",
            "images_train/081_d2.png",
            "images_train/081_d3.png",
            "images_train/082_d0.png",
            "images_train/082_d1.png",
            "images_train/082_d2.png",
            "images_train/082_d3.png",
            "images_train/083_d0.png",
            "images_train/083_d1.png",
            "images_train/083_d2.png",
            "images_train/083_d3.png",
            "images_train/084_d0.png",
            "images_train/084_d1.png",
            "images_train/084_d2.png",
            "images_train/084_d3.png",
            "images_train/085_d0.png",
            "images_train/085_d1.png",
            "images_train/085_d2.png",
            "images_train/085_d3.png",
            "images_train/086_d0.png",
            "images_train/086_d1.png",
            "images_train/086_d2.png",
            "images_train/086_d3.png",
            "images_train/087_d0.png",
            "images_train/087_d1.png",
            "images_train/087_d2.png",
            "images_train/087_d3.png",
            "images_train/088_d0.png",
            "images_train/088_d1.png",
            "images_train/088_d2.png",
            "images_train/088_d3.png",
            "images_train/089_d0.png",
            "images_train/089_d1.png",
            "images_train/089_d2.png",
            "images_train/089_d3.png",
            "images_train/090_d0.png",
            "images_train/090_d1.png",
            "images_train/090_d2.png",
            "images_train/090_d3.png",
            "images_train/091_d0.png",
            "images_train/091_d1.png",
            "images_train/091_d2.png",
            "images_train/091_d3.png",
            "images_train/092_d0.png",
            "images_train/092_d1.png",
            "images_train/092_d2.png",
            "images_train/092_d3.png",
            "images_train/093_d0.png",
            "images_train/093_d1.png",
            "images_train/093_d2.png",
            "images_train/093_d3.png",
            "images_train/094_d0.png",
            "images_train/094_d1.png",
            "images_train/094_d2.png",
            "images_train/094_d3.png",
            "images_train/095_d0.png",
            "images_train/095_d1.png",
            "images_train/095_d2.png",
            "images_train/095_d3.png",
            "images_train/096_d0.png",
            "images_train/096_d1.png",
            "images_train/096_d2.png",
            "images_train/096_d3.png",
            "images_train/097_d0.png",
            "images_train/097_d1.png",
            "images_train/097_d2.png",
            "images_train/097_d3.png",
            "images_train/098_d0.png",
            "images_train/098_d1.png",
            "images_train/098_d2.png",
            "images_train/098_d3.png",
            "images_train/099_d0.png",
            "images_train/099_d1.png",
            "images_train/099_d2.png",
            "images_train/099_d3.png"
        ],
        "cam2world": [
            [
                [
                    -0.9999021887779236,
                    0.004192245192825794,
                    -0.013345719315111637,
                    -0.05379832163453102
                ],
                [
                    -0.013988681137561798,
                    -0.2996590733528137,
                    0.95394366979599,
                    3.845470428466797
                ],
                [
                    -4.656612873077393e-10,
                    0.9540371894836426,
                    0.29968830943107605,
                    1.2080823183059692
                ],
                [
                    0.0,
                    0.0,
                    0.0,
                    1.0
                ]
            ],
            [
                [
                    -0.9999021887779236,
                    0.004192245192825794,
                    -0.013345719315111637,
                    -0.05379832163453102
                ],
                [
                    -0.013988681137561798,
                    -0.2996590733528137,
                    0.95394366979599,
                    3.845470428466797
                ],
                [
                    -4.656612873077393e-10,
                    0.9540371894836426,
                    0.29968830943107605,
                    1.2080823183059692
                ],
                [
                    0.0,
                    0.0,
                    0.0,
                    1.0
                ]
            ],
            [
                [
                    -0.9999021887779236,
                    0.004192245192825794,
                    -0.013345719315111637,
                    -0.05379832163453102
                ],
                [
                    -0.013988681137561798,
                    -0.2996590733528137,
                    0.95394366979599,
                    3.845470428466797
                ],
                [
                    -4.656612873077393e-10,
                    0.9540371894836426,
                    0.29968830943107605,
                    1.2080823183059692
                ],
                [
                    0.0,
                    0.0,
                    0.0,
                    1.0
                ]
            ],
            [
                [
                    -0.9999021887779236,
                    0.004192245192825794,
                    -0.013345719315111637,
                    -0.05379832163453102
                ],
                [
                    -0.013988681137561798,
                    -0.2996590733528137,
                    0.95394366979599,
                    3.845470428466797
                ],
                [
                    -4.656612873077393e-10,
                    0.9540371894836426,
                    0.29968830943107605,
                    1.2080823183059692
                ],
                [
                    0.0,
                    0.0,
                    0.0,
                    1.0
                ]
            ],
            [
                [
                    -0.9305422306060791,
                    0.11707554012537003,
                    -0.34696459770202637,
                    -1.398659110069275
                ],
                [
                    -0.3661845624446869,
                    -0.29751041531562805,
                    0.8817007541656494,
                    3.5542497634887695
                ],
                [
                    7.450580596923828e-09,
                    0.9475130438804626,
                    0.3197172284126282,
                    1.2888214588165283
                ],
                [
                    0.0,
                    0.0,
                    0.0,
                    1.0
                ]
            ],
            [
                [
                    -0.9305422306060791,
                    0.11707554012537003,
                    -0.34696459770202637,
                    -1.398659110069275
                ],
                [
                    -0.3661845624446869,
                    -0.29751041531562805,
                    0.8817007541656494,
                    3.5542497634887695
                ],
                [
                    7.450580596923828e-09,
                    0.9475130438804626,
                    0.3197172284126282,
                    1.2888214588165283
                ],
                [
                    0.0,
                    0.0,
                    0.0,
                    1.0
                ]
            ],
            [
                [
                    -0.9305422306060791,
                    0.11707554012537003,
                    -0.34696459770202637,
                    -1.398659110069275
                ],
                [
                    -0.3661845624446869,
                    -0.29751041531562805,
                    0.8817007541656494,
                    3.5542497634887695
                ],
                [
                    7.450580596923828e-09,
                    0.9475130438804626,
                    0.3197172284126282,
                    1.2888214588165283
                ],
                [
                    0.0,
                    0.0,
                    0.0,
                    1.0
                ]
            ],
            [
                [
                    -0.9305422306060791,
                    0.11707554012537003,
                    -0.34696459770202637,
                    -1.398659110069275
                ],
                [
                    -0.3661845624446869,
                    -0.29751041531562805,
                    0.8817007541656494,
                    3.5542497634887695
                ],
                [
                    7.450580596923828e-09,
                    0.9475130438804626,
                    0.3197172284126282,
                    1.2888214588165283
                ],
                [
                    0.0,
                    0.0,
                    0.0,
                    1.0
                ]
            ],
            [
                [
                    0.4429636299610138,
                    0.31377720832824707,
                    -0.8398374915122986,
                    -3.385493516921997
                ],
                [
                    -0.8965396881103516,
                    0.1550314873456955,
                    -0.41494810581207275,
                    -1.6727094650268555
                ],
                [
                    0.0,
                    0.936754584312439,
                    0.3499869406223297,
                    1.4108426570892334
                ],
                [
                    0.0,
                    0.0,
                    0.0,
                    1.0
                ]
            ],
            [
                [
                    0.4429636299610138,
                    0.31377720832824707,
                    -0.8398374915122986,
                    -3.385493516921997
                ],
                [
                    -0.8965396881103516,
                    0.1550314873456955,
                    -0.41494810581207275,
                    -1.6727094650268555
                ],
                [
                    0.0,
                    0.936754584312439,
                    0.3499869406223297,
                    1.4108426570892334
                ],
                [
                    0.0,
                    0.0,
                    0.0,
                    1.0
                ]
            ],
            [
                [
                    0.4429636299610138,
                    0.31377720832824707,
                    -0.8398374915122986,
                    -3.385493516921997
                ],
                [
                    -0.8965396881103516,
                    0.1550314873456955,
                    -0.41494810581207275,
                    -1.6727094650268555
                ],
                [
                    0.0,
                    0.936754584312439,
                    0.3499869406223297,
                    1.4108426570892334
                ],
                [
                    0.0,
                    0.0,
                    0.0,
                    1.0
                ]
            ],
            [
                [
                    0.4429636299610138,
                    0.31377720832824707,
                    -0.8398374915122986,
                    -3.385493516921997
                ],
                [
                    -0.8965396881103516,
                    0.1550314873456955,
                    -0.41494810581207275,
                    -1.6727094650268555
                ],
                [
                    0.0,
                    0.936754584312439,
                    0.3499869406223297,
                    1.4108426570892334
                ],
                [
                    0.0,
                    0.0,
                    0.0,
                    1.0
                ]
            ],
            [
                [
                    0.7956318259239197,
                    0.5209260582923889,
                    -0.3092023432254791,
                    -1.2464345693588257
                ],
                [
                    -0.6057805418968201,
                    0.6841840147972107,
                    -0.40610620379447937,
                    -1.6370664834976196
                ],
                [
                    -1.4901161193847656e-08,
                    0.5104197859764099,
                    0.859925389289856,
                    3.4664700031280518
                ],
                [
                    0.0,
                    0.0,
                    0.0,
                    1.0
                ]
            ],
            [
                [
                    0.7956318259239197,
                    0.5209260582923889,
                    -0.3092023432254791,
                    -1.2464345693588257
                ],
                [
                    -0.6057805418968201,
                    0.6841840147972107,
                    -0.40610620379447937,
                    -1.6370664834976196
                ],
                [
                    -1.4901161193847656e-08,
                    0.5104197859764099,
                    0.859925389289856,
                    3.4664700031280518
                ],
                [
                    0.0,
                    0.0,
                    0.0,
                    1.0
                ]
            ],
            [
                [
                    0.7956318259239197,
                    0.5209260582923889,
                    -0.3092023432254791,
                    -1.2464345693588257
                ],
                [
                    -0.6057805418968201,
                    0.6841840147972107,
                    -0.40610620379447937,
                    -1.6370664834976196
                ],
                [
                    -1.4901161193847656e-08,
                    0.5104197859764099,
                    0.859925389289856,
                    3.4664700031280518
                ],
                [
                    0.0,
                    0.0,
                    0.0,
                    1.0
                ]
            ],
            [
                [
                    0.7956318259239197,
                    0.5209260582923889,
                    -0.3092023432254791,
                    -1.2464345693588257
                ],
                [
                    -0.6057805418968201,
                    0.6841840147972107,
                    -0.40610620379447937,
                    -1.6370664834976196
                ],
                [
                    -1.4901161193847656e-08,
                    0.5104197859764099,
                    0.859925389289856,
                    3.4664700031280518
                ],
                [
                    0.0,
                    0.0,
                    0.0,
                    1.0
                ]
            ],
            [
                [
                    -0.6566542387008667,
                    -0.2367822825908661,
                    0.7160581946372986,
                    2.8865230083465576
                ],
                [
                    0.7541918158531189,
                    -0.20615987479686737,
                    0.623452365398407,
                    2.513216972351074
                ],
                [
                    -1.4901162970204496e-08,
                    0.9494377970695496,
                    0.31395500898361206,
                    1.26559317111969
                ],
                [
                    0.0,
                    0.0,
                    0.0,
                    1.0
                ]
            ],
            [
                [
                    -0.6566542387008667,
                    -0.2367822825908661,
                    0.7160581946372986,
                    2.8865230083465576
                ],
                [
                    0.7541918158531189,
                    -0.20615987479686737,
                    0.623452365398407,
                    2.513216972351074
                ],
                [
                    -1.4901162970204496e-08,
                    0.9494377970695496,
                    0.31395500898361206,
                    1.26559317111969
                ],
                [
                    0.0,
                    0.0,
                    0.0,
                    1.0
                ]
            ],
            [
                [
                    -0.6566542387008667,
                    -0.2367822825908661,
                    0.7160581946372986,
                    2.8865230083465576
                ],
                [
                    0.7541918158531189,
                    -0.20615987479686737,
                    0.623452365398407,
                    2.513216972351074
                ],
                [
                    -1.4901162970204496e-08,
                    0.9494377970695496,
                    0.31395500898361206,
                    1.26559317111969
                ],
                [
                    0.0,
                    0.0,
                    0.0,
                    1.0
                ]
            ],
            [
                [
                    -0.6566542387008667,
                    -0.2367822825908661,
                    0.7160581946372986,
                    2.8865230083465576
                ],
                [
                    0.7541918158531189,
                    -0.20615987479686737,
                    0.623452365398407,
                    2.513216972351074
                ],
                [
                    -1.4901162970204496e-08,
                    0.9494377970695496,
                    0.31395500898361206,
                    1.26559317111969
                ],
                [
                    0.0,
                    0.0,
                    0.0,
                    1.0
                ]
            ],
            [
                [
                    -0.12173833698034286,
                    0.6862695217132568,
                    -0.7170870900154114,
                    -2.8906705379486084
                ],
                [
                    -0.9925621747970581,
                    -0.084171362221241,
                    0.08795115351676941,
                    0.35454243421554565
                ],
                [
                    0.0,
                    0.7224606275558472,
                    0.691412091255188,
                    2.7871713638305664
                ],
                [
                    0.0,
                    0.0,
                    0.0,
                    1.0
                ]
            ],
            [
                [
                    -0.12173833698034286,
                    0.6862695217132568,
                    -0.7170870900154114,
                    -2.8906705379486084
                ],
                [
                    -0.9925621747970581,
                    -0.084171362221241,
                    0.08795115351676941,
                    0.35454243421554565
                ],
                [
                    0.0,
                    0.7224606275558472,
                    0.691412091255188,
                    2.7871713638305664
                ],
                [
                    0.0,
                    0.0,
                    0.0,
                    1.0
                ]
            ],
            [
                [
                    -0.12173833698034286,
                    0.6862695217132568,
                    -0.7170870900154114,
                    -2.8906705379486084
                ],
                [
                    -0.9925621747970581,
                    -0.084171362221241,
                    0.08795115351676941,
                    0.35454243421554565
                ],
                [
                    0.0,
                    0.7224606275558472,
                    0.691412091255188,
                    2.7871713638305664
                ],
                [
                    0.0,
                    0.0,
                    0.0,
                    1.0
                ]
            ],
            [
                [
                    -0.12173833698034286,
                    0.6862695217132568,
                    -0.7170870900154114,
                    -2.8906705379486084
                ],
                [
                    -0.9925621747970581,
                    -0.084171362221241,
                    0.08795115351676941,
                    0.35454243421554565
                ],
                [
                    0.0,
                    0.7224606275558472,
                    0.691412091255188,
                    2.7871713638305664
                ],
                [
                    0.0,
                    0.0,
                    0.0,
                    1.0
                ]
            ],
            [
                [
                    0.6570732593536377,
                    -0.5113321542739868,
                    0.5538899898529053,
                    2.232801914215088
                ],
                [
                    0.7538267374038696,
                    0.44570285081863403,
                    -0.48279836773872375,
                    -1.9462224245071411
                ],
                [
                    -1.4901161193847656e-08,
                    0.7347709536552429,
                    0.6783152222633362,
                    2.7343761920928955
                ],
                [
                    0.0,
                    0.0,
                    0.0,
                    1.0
                ]
            ],
            [
                [
                    0.6570732593536377,
                    -0.5113321542739868,
                    0.5538899898529053,
                    2.232801914215088
                ],
                [
                    0.7538267374038696,
                    0.44570285081863403,
                    -0.48279836773872375,
                    -1.9462224245071411
                ],
                [
                    -1.4901161193847656e-08,
                    0.7347709536552429,
                    0.6783152222633362,
                    2.7343761920928955
                ],
                [
                    0.0,
                    0.0,
                    0.0,
                    1.0
                ]
            ],
            [
                [
                    0.6570732593536377,
                    -0.5113321542739868,
                    0.5538899898529053,
                    2.232801914215088
                ],
                [
                    0.7538267374038696,
                    0.44570285081863403,
                    -0.48279836773872375,
                    -1.9462224245071411
                ],
                [
                    -1.4901161193847656e-08,
                    0.7347709536552429,
                    0.6783152222633362,
                    2.7343761920928955
                ],
                [
                    0.0,
                    0.0,
                    0.0,
                    1.0
                ]
            ],
            [
                [
                    0.6570732593536377,
                    -0.5113321542739868,
                    0.5538899898529053,
                    2.232801914215088
                ],
                [
                    0.7538267374038696,
                    0.44570285081863403,
                    -0.48279836773872375,
                    -1.9462224245071411
                ],
                [
                    -1.4901161193847656e-08,
                    0.7347709536552429,
                    0.6783152222633362,
                    2.7343761920928955
                ],
                [
                    0.0,
                    0.0,
                    0.0,
                    1.0
                ]
            ],
            [
                [
                    0.9045065641403198,
                    0.42524266242980957,
                    -0.03219788148999214,
                    -0.12979382276535034
                ],
                [
                    -0.426459938287735,
                    0.9019248485565186,
                    -0.0682905837893486,
                    -0.2752881646156311
                ],
                [
                    0.0,
                    0.07550014555454254,
                    0.9971457123756409,
                    4.019623279571533
                ],
                [
                    0.0,
                    0.0,
                    0.0,
                    1.0
                ]
            ],
            [
                [
                    0.9045065641403198,
                    0.42524266242980957,
                    -0.03219788148999214,
                    -0.12979382276535034
                ],
                [
                    -0.426459938287735,
                    0.9019248485565186,
                    -0.0682905837893486,
                    -0.2752881646156311
                ],
                [
                    0.0,
                    0.07550014555454254,
                    0.9971457123756409,
                    4.019623279571533
                ],
                [
                    0.0,
                    0.0,
                    0.0,
                    1.0
                ]
            ],
            [
                [
                    0.9045065641403198,
                    0.42524266242980957,
                    -0.03219788148999214,
                    -0.12979382276535034
                ],
                [
                    -0.426459938287735,
                    0.9019248485565186,
                    -0.0682905837893486,
                    -0.2752881646156311
                ],
                [
                    0.0,
                    0.07550014555454254,
                    0.9971457123756409,
                    4.019623279571533
                ],
                [
                    0.0,
                    0.0,
                    0.0,
                    1.0
                ]
            ],
            [
                [
                    0.9045065641403198,
                    0.42524266242980957,
                    -0.03219788148999214,
                    -0.12979382276535034
                ],
                [
                    -0.426459938287735,
                    0.9019248485565186,
                    -0.0682905837893486,
                    -0.2752881646156311
                ],
                [
                    0.0,
                    0.07550014555454254,
                    0.9971457123756409,
                    4.019623279571533
                ],
                [
                    0.0,
                    0.0,
                    0.0,
                    1.0
                ]
            ],
            [
                [
                    0.159989595413208,
                    0.33046624064445496,
                    -0.930158793926239,
